1471.850021932274
1471.9250219333917
1471.9500219337642
1472.0250219348818
1472.0750219356269
1472.125021936372
1472.175021937117
1472.225021937862
1472.275021938607
1472.3250219393522
1472.3750219400972
1472.4000219404697
1472.4750219415873
1472.5250219423324
1472.5750219430774
1472.6250219438225
1472.6750219445676
1472.7250219453126
1472.7750219460577
1472.8250219468027
1472.8750219475478
1472.9250219482929
1472.975021949038
1473.025021949783
1473.075021950528
1473.125021951273
1473.1750219520181
1473.2250219527632
1473.2750219535083
1473.3250219542533
1473.3750219549984
1473.4250219557434
1473.4750219564885
1473.5250219572335
1473.5750219579786
1473.6250219587237
1473.6750219594687
1473.7250219602138
1473.7750219609588
1473.825021961704
1473.875021962449
1473.925021963194
1473.975021963939
1474.0250219646841
1474.0750219654292
1474.1250219661742
1474.1750219669193
1474.2250219676644
1474.2750219684094
1474.3250219691545
